#ID	E7DD4CFC-E768-11E5-A3F2-0CE2A950974C
# Theoretical Max Height	6.45311498641968
# Observed Max Height	6.044
# Column	Heights																				Expected Insert Length	Insert Probability	Delete Probability	Model Mask
#       	A	C	D	E	F	G	H	I	K	L	M	N	P	Q	R	S	T	V	W	Y
1	0.000	0.000	0.000	0.000	0.000	0.170	0.000	0.000	0.000	2.543	0.170	0.000	0.000	0.000	0.000	0.000	0.000	0.000	0.000	0.000	2	0.00	1.00	0
2	0.187	0.000	0.374	0.468	0.000	0.094	0.000	0.000	0.000	0.000	0.000	0.000	0.094	0.281	0.000	0.000	0.094	0.000	0.000	0.000	2	0.00	1.00	0
3	0.000	0.000	0.124	0.124	0.000	0.000	0.000	0.000	0.995	0.000	0.000	0.000	0.000	0.000	0.622	0.124	0.124	0.000	0.000	0.000	2	0.00	1.00	0
4	0.000	0.000	0.000	0.000	0.000	0.000	0.000	2.653	0.000	0.379	0.000	0.000	0.000	0.000	0.000	0.000	0.000	0.000	0.000	0.190	2	0.00	1.00	0
5	0.104	0.208	0.000	0.000	0.000	0.000	0.000	0.104	0.104	0.312	0.000	0.000	0.000	0.000	0.000	0.000	0.000	0.624	0.000	0.312	2	0.00	1.00	0
6	0.755	0.000	0.283	0.094	0.000	0.000	0.000	0.000	0.189	0.094	0.000	0.000	0.094	0.000	0.094	0.000	0.000	0.000	0.000	0.000	2	0.00	1.00	0
7	0.000	0.000	0.473	0.095	0.000	0.189	0.189	0.000	0.000	0.000	0.000	0.000	0.000	0.189	0.284	0.000	0.000	0.095	0.000	0.095	2	0.00	1.00	0
8	0.000	0.000	0.000	0.000	0.000	0.000	0.000	0.000	1.336	0.000	0.000	0.000	0.000	0.000	0.742	0.000	0.148	0.148	0.148	0.000	2	0.00	1.00	0
9	0.281	0.000	0.000	0.000	0.000	0.000	0.094	0.000	0.375	0.188	0.000	0.000	0.000	0.094	0.469	0.000	0.000	0.000	0.000	0.094	2	0.00	1.00	0
10	0.311	0.000	0.000	0.311	0.000	0.078	0.000	0.233	0.156	0.078	0.000	0.000	0.000	0.156	0.000	0.000	0.000	0.000	0.000	0.000	2	0.00	1.00	0
11	0.205	0.000	0.308	0.513	0.000	0.000	0.103	0.103	0.000	0.103	0.000	0.000	0.000	0.000	0.103	0.000	0.000	0.000	0.308	0.000	2	0.00	1.00	0
12	0.000	0.000	0.000	0.000	0.000	0.000	0.000	0.298	0.000	0.596	0.000	0.000	0.000	0.000	0.000	0.000	0.000	1.639	0.000	0.000	2	0.00	1.00	0
13	0.653	0.000	0.093	0.373	0.000	0.000	0.000	0.000	0.187	0.000	0.000	0.093	0.000	0.093	0.000	0.000	0.000	0.093	0.000	0.000	2	0.00	1.00	0
14	0.489	0.000	0.082	0.326	0.000	0.000	0.000	0.000	0.082	0.000	0.000	0.000	0.000	0.163	0.082	0.000	0.082	0.082	0.000	0.000	2	0.00	1.00	0
15	0.264	0.000	0.000	0.000	0.000	0.000	0.088	0.088	0.088	0.176	0.088	0.000	0.000	0.264	0.439	0.000	0.000	0.000	0.000	0.000	2	0.00	1.00	0
16	0.000	0.000	0.000	0.090	0.000	0.000	0.000	0.000	0.630	0.090	0.000	0.000	0.090	0.090	0.270	0.180	0.000	0.090	0.000	0.000	2	0.00	1.00	0
17	0.224	0.000	0.000	0.112	0.000	0.000	0.000	0.000	0.168	0.112	0.000	0.000	0.000	0.112	0.056	0.056	0.056	0.056	0.000	0.000	2	0.00	1.00	0
18	0.182	0.000	0.000	0.182	0.000	0.000	0.000	0.273	0.000	0.000	0.000	0.000	0.091	0.273	0.455	0.091	0.000	0.000	0.000	0.000	2	0.00	1.00	0
19	0.000	0.000	0.000	0.000	0.115	0.000	0.000	0.115	0.000	0.000	0.000	0.000	0.574	0.459	0.344	0.000	0.000	0.344	0.000	0.000	2	0.00	1.00	0
20	0.000	0.000	0.000	0.121	0.000	0.363	0.121	0.000	0.000	0.000	0.000	0.242	0.484	0.000	0.000	0.484	0.000	0.000	0.000	0.000	2	0.00	0.88	0
21	0.000	0.000	0.000	0.000	0.389	0.000	0.000	0.195	0.000	1.557	0.000	0.000	0.000	0.195	0.000	0.000	0.000	0.000	0.000	0.000	2	0.00	0.71	0
22	0.000	0.000	0.000	0.000	0.000	0.000	0.000	0.000	0.669	0.000	0.000	0.000	0.000	0.000	1.337	0.000	0.669	0.000	0.000	0.000	2	0.00	0.24	0
23	0.000	0.000	0.000	0.000	0.908	0.000	0.000	0.000	0.000	0.000	0.000	0.000	2.724	0.000	0.000	0.000	0.000	0.000	0.000	0.000	2	0.00	0.24	0
24	0.740	0.000	0.000	0.123	0.000	0.123	0.000	0.000	0.123	0.000	0.000	0.000	0.000	0.123	0.000	0.493	0.000	0.000	0.000	0.000	2	0.00	0.82	0
25	0.125	0.000	0.876	0.250	0.000	0.000	0.125	0.000	0.000	0.000	0.000	0.000	0.000	0.125	0.000	0.250	0.125	0.000	0.000	0.000	2	0.00	0.88	0
26	0.000	0.000	0.000	0.000	0.666	0.000	0.000	0.000	0.000	0.999	0.000	0.000	0.000	0.000	0.000	0.000	0.000	0.666	0.000	0.000	2	0.00	0.82	0
27	0.000	0.000	0.156	0.625	0.000	0.000	0.000	0.000	0.469	0.000	0.000	0.000	0.000	0.781	0.156	0.000	0.000	0.000	0.000	0.000	2	0.00	0.82	0
28	0.387	0.000	0.097	0.000	0.000	0.000	0.000	0.000	0.000	0.000	0.000	0.097	0.000	0.290	0.097	0.193	0.097	0.097	0.000	0.000	2	0.00	0.82	0
29	0.258	0.000	0.172	0.086	0.000	0.000	0.000	0.000	0.000	0.172	0.000	0.086	0.000	0.086	0.000	0.086	0.086	0.000	0.086	0.000	2	0.00	0.76	0
30	0.686	0.000	0.000	0.000	0.000	0.000	0.000	0.000	0.000	0.343	0.000	0.000	0.000	0.000	0.000	0.000	0.000	0.515	0.000	0.515	2	0.00	0.71	0
31	0.439	0.000	0.877	0.000	0.000	0.000	0.000	0.000	0.000	0.000	0.000	0.439	0.000	0.000	0.000	0.439	0.000	0.000	0.000	0.000	2	0.00	0.29	0
32	0.000	0.000	0.000	0.000	0.000	0.000	0.000	0.000	0.261	0.784	0.261	0.000	0.000	0.000	0.000	0.000	0.261	0.261	0.000	0.000	2	0.00	0.41	0
33	0.000	0.000	0.000	0.000	0.000	0.307	0.000	0.000	0.307	0.000	0.153	0.307	0.000	0.000	0.614	0.153	0.000	0.000	0.000	0.000	2	0.00	0.71	0
34	0.101	0.000	0.000	0.051	0.000	0.000	0.000	0.101	0.051	0.202	0.000	0.000	0.051	0.051	0.051	0.051	0.000	0.051	0.000	0.000	2	0.00	0.88	0
35	0.553	0.000	0.000	0.000	0.000	0.000	0.000	0.000	0.000	0.092	0.000	0.000	0.184	0.368	0.092	0.184	0.000	0.092	0.000	0.000	2	0.00	1.00	0
36	0.101	0.000	0.201	0.000	0.101	0.000	0.000	0.000	0.101	0.000	0.000	0.201	0.705	0.000	0.201	0.000	0.000	0.101	0.000	0.000	2	0.00	1.00	0
37	0.121	0.000	0.121	0.121	0.000	0.000	0.121	0.000	0.000	0.000	0.000	0.000	0.965	0.121	0.000	0.483	0.000	0.000	0.000	0.000	2	0.00	1.00	0
38	0.127	0.063	0.127	0.000	0.000	0.000	0.000	0.063	0.127	0.063	0.000	0.000	0.063	0.190	0.000	0.000	0.190	0.063	0.000	0.000	2	0.00	1.00	0
39	0.000	0.000	0.000	0.000	0.000	0.000	0.000	0.423	0.000	0.000	0.000	0.000	0.141	0.141	1.411	0.000	0.000	0.141	0.000	0.141	2	0.00	1.00	0
40	0.000	0.000	0.233	0.000	0.000	0.467	0.117	0.000	0.000	0.000	0.000	0.117	0.117	0.000	0.000	0.934	0.000	0.000	0.000	0.000	2	0.00	1.00	0
41	0.000	0.000	0.000	0.000	3.094	0.000	0.000	0.000	0.000	0.663	0.000	0.000	0.000	0.000	0.000	0.000	0.000	0.000	0.000	0.000	2	0.00	1.00	0
42	0.266	0.000	0.000	0.000	0.089	0.000	0.000	0.089	0.089	0.089	0.000	0.089	0.266	0.000	0.000	0.000	0.000	0.089	0.000	0.443	2	0.00	1.00	0
43	0.101	0.000	0.604	0.403	0.000	0.000	0.000	0.000	0.000	0.000	0.000	0.201	0.000	0.101	0.101	0.000	0.201	0.000	0.000	0.000	2	0.00	1.00	0
44	0.973	0.000	0.000	0.000	0.000	0.000	0.000	0.000	0.000	0.000	0.000	0.000	0.000	0.000	0.608	0.243	0.000	0.122	0.000	0.122	2	0.00	1.00	0
45	0.000	0.000	0.000	0.000	0.000	0.000	0.000	0.165	0.000	2.477	0.000	0.000	0.000	0.000	0.000	0.000	0.000	0.165	0.000	0.000	2	0.00	1.00	0
46	0.259	0.000	0.000	0.000	0.000	0.000	0.000	0.000	0.172	0.172	0.000	0.086	0.000	0.086	0.517	0.172	0.000	0.000	0.000	0.000	2	0.00	1.00	0
47	0.075	0.000	0.000	0.298	0.000	0.149	0.000	0.000	0.149	0.000	0.000	0.075	0.000	0.224	0.075	0.224	0.000	0.000	0.000	0.000	2	0.00	1.00	0
48	0.088	0.000	0.000	0.000	0.088	0.175	0.088	0.000	0.088	0.000	0.000	0.000	0.088	0.000	0.088	0.263	0.175	0.000	0.000	0.000	2	0.00	0.76	0
49	0.503	0.000	0.000	0.503	0.000	0.000	0.000	0.000	0.000	0.000	0.000	0.503	0.000	0.000	0.000	0.000	0.000	0.503	0.000	0.000	2	0.00	0.24	0
50	0.295	0.000	0.295	0.000	0.000	0.000	0.000	0.000	0.589	0.000	0.000	0.000	0.000	0.000	0.000	0.295	0.295	0.000	0.000	0.000	2	0.00	0.35	0
51	0.218	0.000	0.000	0.109	0.000	0.109	0.218	0.000	0.000	0.000	0.000	0.109	0.218	0.000	0.328	0.109	0.000	0.000	0.000	0.000	2	0.00	0.76	0
52	0.055	0.000	0.111	0.000	0.055	0.166	0.000	0.000	0.166	0.000	0.000	0.055	0.055	0.111	0.055	0.000	0.000	0.055	0.000	0.055	2	0.00	1.00	0
53	0.000	0.000	0.077	0.077	0.077	0.232	0.000	0.077	0.232	0.000	0.000	0.000	0.077	0.077	0.386	0.000	0.000	0.000	0.000	0.000	2	0.00	1.00	0
54	0.163	0.000	0.000	0.000	0.000	0.000	0.000	0.081	0.000	0.244	0.000	0.000	0.326	0.000	0.000	0.000	0.244	0.163	0.000	0.163	2	0.00	1.00	0
55	0.493	0.000	0.000	0.000	0.000	0.329	0.082	0.000	0.000	0.000	0.000	0.000	0.082	0.082	0.082	0.082	0.000	0.164	0.000	0.000	2	0.00	1.00	0
56	0.000	0.000	0.000	0.000	0.342	0.000	0.000	0.114	0.000	0.685	0.000	0.000	0.000	0.000	0.000	0.000	0.000	0.685	0.000	0.114	2	0.00	1.00	0
57	0.000	0.187	0.000	0.000	0.000	0.000	0.000	2.425	0.000	0.187	0.373	0.000	0.000	0.000	0.000	0.000	0.000	0.000	0.000	0.000	2	0.00	1.00	0
58	2.008	0.000	0.000	0.000	0.000	0.000	0.000	0.000	0.000	0.309	0.154	0.000	0.000	0.000	0.000	0.000	0.154	0.000	0.000	0.000	2	0.00	1.00	0
59	0.000	0.000	0.000	3.903	0.000	0.000	0.000	0.000	0.000	0.000	0.000	0.000	0.000	0.000	0.000	0.000	0.000	0.000	0.000	0.000	2	0.00	1.00	0
60	0.000	0.645	0.000	0.000	0.000	0.000	0.000	0.967	0.000	0.000	0.000	0.000	0.000	0.000	0.000	0.000	0.000	0.967	0.000	0.161	2	0.00	1.00	0
61	0.000	0.000	0.000	0.000	0.000	0.000	0.000	0.000	4.072	0.000	0.000	0.000	0.000	0.000	0.000	0.000	0.000	0.000	0.000	0.000	2	0.00	1.00	0
62	0.000	0.000	0.000	0.000	0.000	0.000	0.000	0.000	1.569	0.000	0.000	0.000	0.157	0.000	0.785	0.157	0.000	0.000	0.000	0.000	2	0.00	1.00	0
63	2.719	0.000	0.000	0.000	0.000	0.000	0.000	0.000	0.181	0.000	0.000	0.000	0.000	0.000	0.000	0.000	0.181	0.000	0.000	0.000	2	0.00	1.00	0
64	0.000	0.000	0.000	0.000	0.000	0.000	0.000	0.000	0.000	0.000	0.000	0.000	0.000	0.000	0.000	3.871	0.000	0.000	0.000	0.000	2	0.00	1.00	0
65	0.000	0.000	0.000	0.000	0.000	0.000	0.000	0.000	0.000	0.000	0.000	0.000	4.372	0.000	0.000	0.000	0.000	0.000	0.000	0.000	2	0.00	1.00	0
66	0.000	0.000	0.000	0.000	0.000	0.000	0.000	0.000	0.000	0.000	0.000	0.000	0.000	0.000	0.000	3.358	0.210	0.000	0.000	0.000	2	0.00	1.00	0
67	0.000	0.000	0.000	0.000	0.000	0.167	0.000	0.000	2.176	0.335	0.000	0.000	0.000	0.000	0.000	0.000	0.167	0.000	0.000	0.000	2	0.00	1.00	0
68	0.000	0.000	0.000	0.220	0.000	3.293	0.000	0.000	0.000	0.000	0.000	0.000	0.000	0.000	0.000	0.000	0.000	0.000	0.000	0.000	2	0.00	0.94	0
69	0.000	0.000	0.093	0.000	0.000	0.093	0.000	0.000	0.000	0.466	0.186	0.000	0.186	0.000	0.000	0.000	0.093	0.373	0.000	0.000	2	0.00	0.94	0
70	0.000	0.000	0.000	0.000	0.170	0.000	0.000	2.204	0.000	0.339	0.000	0.000	0.000	0.000	0.000	0.000	0.000	0.170	0.000	0.000	2	0.00	1.00	0
71	0.368	0.123	0.123	0.000	0.000	0.000	0.000	0.000	0.123	0.000	0.000	0.123	0.000	0.000	1.105	0.000	0.000	0.123	0.000	0.000	2	0.00	1.00	0
72	0.131	0.000	0.065	0.327	0.000	0.000	0.000	0.000	0.000	0.196	0.065	0.065	0.131	0.000	0.000	0.000	0.065	0.065	0.000	0.000	2	0.00	1.00	0
73	0.000	0.000	1.298	0.433	0.000	0.000	0.288	0.000	0.144	0.000	0.000	0.288	0.000	0.000	0.000	0.000	0.000	0.000	0.000	0.000	2	0.00	1.00	0
74	0.462	0.000	0.000	0.000	1.385	0.000	0.000	0.154	0.000	0.000	0.000	0.000	0.000	0.000	0.154	0.000	0.000	0.154	0.000	0.154	2	0.00	0.94	0
75	0.000	0.133	1.061	0.000	0.000	0.000	0.000	0.000	0.000	0.000	0.000	0.398	0.133	0.133	0.000	0.000	0.000	0.398	0.000	0.000	2	0.00	1.00	0
76	0.539	0.000	0.000	0.000	0.000	0.000	0.000	0.135	0.000	0.269	0.000	0.000	1.212	0.000	0.000	0.000	0.000	0.000	0.000	0.135	2	0.00	1.00	0
77	0.377	0.000	0.075	0.075	0.000	0.075	0.000	0.075	0.000	0.075	0.000	0.000	0.302	0.000	0.000	0.000	0.000	0.226	0.000	0.000	2	0.00	1.00	0
78	0.288	0.000	0.096	0.673	0.000	0.000	0.000	0.000	0.000	0.000	0.000	0.000	0.000	0.192	0.096	0.192	0.000	0.000	0.000	0.096	2	0.00	1.00	0
79	0.000	0.000	0.000	0.000	0.000	0.000	0.000	1.163	0.000	0.436	0.000	0.000	0.000	0.727	0.000	0.000	0.000	0.000	0.000	0.145	2	0.00	1.00	0
80	3.158	0.000	0.000	0.000	0.000	0.000	0.000	0.000	0.000	0.000	0.000	0.000	0.000	0.000	0.000	0.197	0.000	0.000	0.000	0.000	2	0.00	1.00	0
81	0.102	0.000	0.000	0.000	0.000	0.000	0.000	0.000	0.408	0.204	0.000	0.102	0.000	0.102	0.713	0.102	0.000	0.000	0.000	0.000	2	0.00	1.00	0
82	0.142	0.000	0.047	0.047	0.047	0.000	0.000	0.047	0.095	0.000	0.000	0.047	0.000	0.095	0.000	0.047	0.047	0.142	0.000	0.000	2	0.00	1.00	0
83	0.000	0.000	0.000	0.000	0.000	0.000	0.000	0.000	0.000	0.000	0.536	0.000	0.000	0.000	0.000	0.000	0.000	0.000	0.000	4.022	2	0.00	1.00	0
84	0.319	0.000	0.080	0.478	0.000	0.000	0.000	0.000	0.159	0.000	0.000	0.080	0.000	0.000	0.080	0.080	0.000	0.080	0.000	0.000	2	0.00	1.00	0
85	0.205	0.000	0.068	0.137	0.000	0.000	0.137	0.000	0.068	0.137	0.000	0.068	0.000	0.205	0.137	0.000	0.000	0.000	0.000	0.000	2	0.00	1.00	0
86	1.219	0.000	0.000	0.000	0.000	0.609	0.000	0.000	0.000	0.000	0.000	0.000	0.000	0.000	0.000	0.000	0.000	0.000	0.000	0.762	2	0.00	1.00	0
87	0.000	0.000	0.000	0.000	0.000	3.164	0.000	0.000	0.288	0.000	0.000	0.000	0.000	0.000	0.000	0.000	0.000	0.000	0.000	0.000	2	0.00	0.71	0
88	3.666	0.000	0.000	0.000	0.000	0.000	0.000	0.000	0.000	0.000	0.000	0.000	0.000	0.000	0.000	0.000	0.000	0.000	0.000	0.000	2	0.00	1.00	0
89	0.438	0.000	0.329	0.000	0.000	0.000	0.000	0.000	0.000	0.000	0.000	0.000	0.000	0.000	0.000	0.767	0.219	0.110	0.000	0.000	2	0.00	1.00	0
90	0.957	0.547	0.000	0.000	0.000	0.273	0.000	0.000	0.000	0.000	0.137	0.000	0.000	0.000	0.000	0.000	0.000	0.410	0.000	0.000	2	0.00	1.00	0
91	0.000	0.000	0.000	0.000	0.000	0.000	0.000	1.530	0.000	0.918	0.000	0.000	0.000	0.000	0.000	0.000	0.000	0.153	0.000	0.000	2	0.00	1.00	0
92	0.000	0.000	0.000	0.000	0.000	0.000	0.000	0.000	0.000	0.000	0.000	0.000	0.000	0.000	0.000	3.871	0.000	0.000	0.000	0.000	2	0.00	1.00	0
93	0.000	0.000	0.000	0.000	0.000	0.000	0.000	0.211	0.000	0.000	0.000	0.000	0.000	0.000	0.000	0.000	0.000	3.370	0.000	0.000	2	0.00	1.00	0
94	0.000	0.000	0.000	0.000	0.000	0.000	0.000	0.000	0.000	3.375	0.000	0.000	0.000	0.000	0.000	0.000	0.000	0.000	0.000	0.000	2	0.00	1.00	0
95	0.000	0.235	0.000	0.000	0.000	0.000	0.000	0.000	0.000	0.000	0.000	0.000	0.000	0.000	0.000	0.000	3.759	0.000	0.000	0.000	2	0.00	1.00	0
96	0.000	0.000	1.628	1.447	0.000	0.000	0.000	0.000	0.000	0.000	0.000	0.000	0.000	0.000	0.000	0.000	0.000	0.000	0.000	0.000	2	0.00	1.00	0
97	0.000	0.000	0.000	0.706	0.000	0.000	0.000	0.000	0.000	0.000	0.000	0.000	1.130	0.000	0.000	0.000	0.282	0.282	0.000	0.000	2	0.00	1.00	0
98	0.000	0.000	0.377	0.283	0.000	0.000	0.094	0.000	0.377	0.000	0.000	0.000	0.283	0.000	0.000	0.094	0.000	0.094	0.000	0.000	2	0.00	1.00	0
99	0.000	0.000	0.000	0.000	0.695	0.000	0.174	0.000	0.000	0.000	0.000	0.000	0.000	0.000	0.174	0.174	0.000	0.000	0.695	1.043	2	0.00	1.00	0
100	0.000	0.000	0.000	0.000	4.654	0.000	0.000	0.000	0.000	0.000	0.000	0.000	0.000	0.000	0.000	0.000	0.000	0.000	0.000	0.000	2	0.00	1.00	0
101	0.000	0.000	0.000	0.000	0.000	0.293	0.147	0.000	0.587	0.000	0.000	0.293	0.000	1.174	0.000	0.000	0.000	0.000	0.000	0.000	2	0.00	1.00	0
102	0.000	0.000	0.000	0.000	0.000	3.847	0.000	0.000	0.000	0.000	0.000	0.000	0.000	0.000	0.000	0.000	0.000	0.000	0.000	0.000	2	0.00	1.00	0
103	0.333	0.111	0.111	0.111	0.000	0.000	0.111	0.000	0.000	0.000	0.000	0.222	0.000	0.000	0.000	0.887	0.000	0.000	0.000	0.000	2	0.00	1.00	0
104	0.080	0.000	0.241	0.000	0.241	0.000	0.000	0.241	0.000	0.241	0.000	0.080	0.080	0.000	0.000	0.000	0.000	0.000	0.000	0.161	2	0.00	1.00	0
105	0.097	0.000	0.583	0.486	0.000	0.000	0.097	0.000	0.000	0.097	0.000	0.097	0.000	0.097	0.000	0.097	0.000	0.000	0.000	0.000	2	0.00	1.00	0
106	0.000	0.000	0.526	0.000	0.394	0.000	0.131	0.000	0.000	0.000	0.000	0.131	0.000	0.000	0.000	0.131	0.131	0.000	0.000	0.789	2	0.00	1.00	0
107	0.000	0.000	0.000	0.000	0.000	0.000	0.000	0.170	0.000	2.555	0.170	0.000	0.000	0.000	0.000	0.000	0.000	0.000	0.000	0.000	2	0.00	1.00	0
108	0.151	0.075	0.000	0.000	0.000	0.000	0.000	0.075	0.151	0.075	0.000	0.000	0.226	0.000	0.377	0.075	0.000	0.075	0.000	0.000	2	0.00	1.00	0
109	0.201	0.000	0.050	0.151	0.000	0.000	0.000	0.101	0.050	0.101	0.000	0.050	0.000	0.050	0.050	0.000	0.050	0.000	0.000	0.000	2	0.00	1.00	0
110	0.691	0.000	0.000	0.000	0.000	0.000	0.000	0.553	0.000	0.000	0.000	0.000	0.000	0.000	0.000	0.000	0.000	1.105	0.000	0.000	2	0.00	1.00	0
111	0.309	0.000	0.000	0.000	0.000	0.000	0.000	0.000	0.154	0.000	0.000	0.000	0.000	0.000	1.699	0.463	0.000	0.000	0.000	0.000	2	0.00	1.00	0
112	0.277	0.000	0.092	0.185	0.000	0.000	0.000	0.000	0.092	0.000	0.000	0.092	0.000	0.555	0.185	0.092	0.000	0.000	0.000	0.000	2	0.00	1.00	0
113	0.503	0.000	0.000	0.000	0.000	0.000	0.084	0.251	0.000	0.000	0.000	0.084	0.000	0.168	0.000	0.168	0.084	0.084	0.000	0.000	2	0.00	1.00	0
114	0.121	0.364	0.000	0.000	0.000	0.000	0.000	0.121	0.000	0.364	0.000	0.000	0.000	0.000	0.000	0.121	0.000	0.970	0.000	0.000	2	0.00	1.00	0
115	0.157	0.000	0.315	0.079	0.000	0.000	0.079	0.000	0.079	0.000	0.000	0.079	0.079	0.079	0.000	0.394	0.000	0.000	0.000	0.000	2	0.00	1.00	0
116	0.000	0.000	0.000	0.000	0.000	0.176	0.000	0.263	0.000	0.527	0.000	0.000	0.000	0.263	0.000	0.088	0.000	0.176	0.000	0.000	2	0.00	1.00	0
117	0.000	0.000	0.000	0.000	0.000	0.000	0.000	0.000	0.186	0.371	0.186	0.000	2.414	0.000	0.000	0.000	0.000	0.000	0.000	0.000	2	0.00	1.00	0
118	0.205	0.000	0.000	0.000	0.103	0.000	0.000	0.205	0.000	0.000	0.000	0.000	0.205	0.000	0.000	0.000	0.308	0.719	0.000	0.000	2	0.00	1.00	0
119	0.000	0.000	0.000	0.000	0.000	0.000	0.000	0.142	0.000	1.703	0.000	0.426	0.142	0.000	0.000	0.000	0.000	0.000	0.000	0.000	2	0.00	1.00	0
120	0.000	0.765	0.000	0.000	0.000	0.000	0.000	0.000	0.000	0.000	0.191	0.191	0.191	0.000	1.720	0.000	0.000	0.000	0.000	0.000	2	0.00	0.94	0
121	0.000	0.000	0.000	0.000	0.000	0.000	0.000	0.000	0.689	0.000	0.000	0.000	1.378	0.000	0.689	0.000	0.000	0.000	0.000	0.000	2	0.00	0.24	0
122	1.201	0.000	0.000	0.600	0.000	0.000	0.000	0.000	0.000	0.000	0.000	0.000	0.600	0.000	0.000	0.000	0.000	0.000	0.000	0.000	2	0.00	0.24	0
123	1.469	0.000	0.000	0.000	0.000	0.000	0.000	0.000	0.000	0.000	0.000	0.000	0.000	0.000	1.469	0.000	0.000	0.000	0.000	0.000	2	0.00	0.12	0
124	0.000	0.000	0.000	0.000	0.000	0.000	0.000	0.000	0.000	0.000	0.000	0.000	4.372	0.000	0.000	0.000	0.000	0.000	0.000	0.000	2	0.00	0.06	0
125	0.000	6.044	0.000	0.000	0.000	0.000	0.000	0.000	0.000	0.000	0.000	0.000	0.000	0.000	0.000	0.000	0.000	0.000	0.000	0.000	2	0.00	0.06	0
126	0.000	0.000	0.000	0.000	0.000	0.000	0.000	1.494	0.000	0.000	0.000	0.000	0.000	0.000	0.000	0.000	0.000	1.494	0.000	0.000	2	0.00	0.24	0
127	0.000	0.000	0.000	0.000	0.000	0.000	0.000	0.000	0.000	3.375	0.000	0.000	0.000	0.000	0.000	0.000	0.000	0.000	0.000	0.000	2	0.00	0.24	0
128	0.000	0.000	0.000	0.000	0.000	0.000	0.000	0.000	0.000	0.000	0.000	0.000	0.000	0.000	4.208	0.000	0.000	0.000	0.000	0.000	2	0.00	0.24	0
129	0.000	0.000	0.000	0.000	0.000	0.000	0.000	0.000	4.072	0.000	0.000	0.000	0.000	0.000	0.000	0.000	0.000	0.000	0.000	0.000	2	0.00	1.00	0
130	0.000	0.000	2.878	0.617	0.000	0.000	0.000	0.000	0.000	0.000	0.000	0.000	0.000	0.000	0.000	0.000	0.000	0.000	0.000	0.000	2	0.00	1.00	0
131	0.000	0.000	0.000	0.000	4.654	0.000	0.000	0.000	0.000	0.000	0.000	0.000	0.000	0.000	0.000	0.000	0.000	0.000	0.000	0.000	2	0.00	1.00	0
132	0.000	0.000	0.000	0.000	0.000	0.000	0.000	1.315	0.000	0.292	0.584	0.000	0.000	0.000	0.000	0.000	0.146	0.146	0.000	0.000	2	0.00	1.00	0
133	0.000	0.000	0.000	0.000	0.448	0.000	0.000	1.195	0.000	0.000	0.149	0.000	0.000	0.000	0.000	0.000	0.000	0.448	0.000	0.149	2	0.00	0.94	0
134	0.000	0.000	2.336	0.000	0.000	0.000	0.000	0.000	0.180	0.000	0.000	0.180	0.000	0.000	0.000	0.359	0.000	0.000	0.000	0.000	2	0.00	1.00	0
135	0.000	0.000	0.000	0.787	0.000	0.000	0.000	0.000	0.262	0.000	0.000	0.000	0.919	0.000	0.000	0.131	0.131	0.000	0.000	0.000	2	0.00	1.00	0
136	0.183	0.000	0.000	0.000	0.000	0.000	0.000	0.000	0.183	0.183	0.000	0.000	0.000	0.000	0.000	0.183	0.000	0.183	0.000	2.196	2	0.00	1.00	0
137	0.000	0.000	0.000	0.000	0.000	0.000	0.000	0.000	0.000	0.000	0.239	0.239	0.000	3.581	0.000	0.000	0.000	0.000	0.000	0.000	2	0.00	1.00	0
138	0.000	0.000	0.000	0.000	0.000	0.000	0.000	1.619	0.000	0.162	0.000	0.000	0.000	0.000	0.000	0.000	0.000	0.972	0.000	0.000	2	0.00	1.00	0
139	0.166	0.000	0.250	0.083	0.000	0.000	0.083	0.000	0.000	0.250	0.000	0.083	0.000	0.000	0.000	0.000	0.000	0.166	0.000	0.333	2	0.00	1.00	0
140	0.138	0.000	0.138	1.376	0.000	0.000	0.000	0.000	0.000	0.413	0.000	0.000	0.000	0.000	0.138	0.000	0.000	0.000	0.000	0.000	2	0.00	0.94	0
141	2.754	0.000	0.000	0.000	0.000	0.000	0.000	0.000	0.000	0.000	0.000	0.000	0.000	0.000	0.000	0.393	0.000	0.000	0.000	0.000	2	0.00	0.94	0
142	0.000	0.000	0.000	0.000	0.000	0.000	0.000	0.000	0.202	0.000	0.000	0.000	0.000	0.000	2.631	0.000	0.000	0.202	0.000	0.202	2	0.00	0.94	0
143	0.459	0.000	0.000	0.000	0.000	0.000	0.092	0.000	0.000	0.368	0.000	0.184	0.000	0.000	0.092	0.000	0.000	0.092	0.000	0.276	2	0.00	1.00	0
144	0.320	0.000	0.000	0.000	0.080	0.000	0.080	0.160	0.000	0.240	0.000	0.080	0.000	0.000	0.000	0.000	0.000	0.080	0.080	0.240	2	0.00	1.00	0
145	0.000	0.000	0.000	0.000	0.000	2.486	0.000	0.000	0.000	0.000	0.000	0.000	0.000	0.765	0.000	0.000	0.000	0.000	0.000	0.000	2	0.00	1.00	0
146	2.692	0.000	0.000	0.000	0.000	0.000	0.000	0.000	0.000	0.000	0.000	0.000	0.000	0.000	0.000	0.179	0.000	0.179	0.000	0.000	2	0.00	1.00	0
147	0.000	0.000	3.144	0.000	0.000	0.000	0.000	0.000	0.000	0.000	0.000	0.000	0.000	0.000	0.000	0.000	0.210	0.210	0.000	0.000	2	0.00	1.00	0
148	0.634	0.507	0.000	0.000	0.000	0.000	0.000	0.127	0.000	0.127	0.000	0.000	0.000	0.000	0.000	0.000	0.634	0.127	0.000	0.000	2	0.00	1.00	0
149	0.000	0.171	0.000	0.000	0.000	0.000	0.000	1.712	0.000	0.000	0.000	0.000	0.000	0.000	0.000	0.000	0.000	1.027	0.000	0.000	2	0.00	1.00	0
150	0.000	0.000	0.000	0.000	0.000	0.000	0.000	0.000	0.000	3.375	0.000	0.000	0.000	0.000	0.000	0.000	0.000	0.000	0.000	0.000	2	0.00	1.00	0
151	0.000	0.000	0.000	0.000	0.000	0.000	0.000	0.345	0.000	2.591	0.000	0.000	0.000	0.000	0.000	0.000	0.000	0.000	0.000	0.000	2	0.00	1.00	0
152	0.000	0.000	0.000	0.000	0.000	0.000	0.000	2.756	0.000	0.000	0.848	0.000	0.000	0.000	0.000	0.000	0.000	0.000	0.000	0.000	2	0.00	1.00	0
153	0.124	0.000	0.000	0.000	0.000	0.124	0.000	0.000	0.000	0.497	0.248	0.000	0.000	0.000	0.000	0.000	0.000	1.117	0.000	0.000	2	0.00	1.00	0
154	0.652	0.000	0.000	0.109	0.000	0.000	0.000	0.000	0.434	0.000	0.000	0.000	0.000	0.000	0.109	0.543	0.000	0.000	0.000	0.000	2	0.00	1.00	0
155	0.198	0.099	0.000	0.000	0.099	0.000	0.000	0.198	0.000	0.000	0.297	0.000	0.000	0.000	0.000	0.099	0.099	0.594	0.000	0.000	2	0.00	1.00	0
156	0.000	0.000	0.000	0.000	0.151	0.000	0.000	0.000	0.000	1.961	0.000	0.000	0.000	0.000	0.000	0.000	0.000	0.452	0.000	0.000	2	0.00	1.00	0
157	0.000	0.000	0.384	0.288	0.000	0.096	0.000	0.000	0.000	0.000	0.000	0.192	0.000	0.000	0.000	0.384	0.288	0.000	0.000	0.000	2	0.00	1.00	0
158	0.000	0.000	1.124	0.375	0.000	0.000	0.000	0.000	0.000	0.000	0.000	0.125	0.125	0.125	0.000	0.000	0.000	0.125	0.000	0.125	2	0.00	1.00	0
159	0.139	0.000	0.139	0.347	0.000	0.000	0.000	0.000	0.069	0.069	0.000	0.000	0.069	0.208	0.069	0.000	0.000	0.069	0.000	0.000	2	0.00	1.00	0
160	0.000	0.000	0.000	0.294	0.000	0.000	0.098	0.000	0.000	0.587	0.000	0.000	0.000	0.391	0.098	0.000	0.098	0.000	0.000	0.098	2	0.00	1.00	0
161	0.000	0.000	0.000	0.000	0.000	0.000	0.000	0.000	0.000	0.000	0.000	0.000	4.372	0.000	0.000	0.000	0.000	0.000	0.000	0.000	2	0.00	0.06	0
162	0.000	0.000	0.000	0.000	0.000	0.000	0.000	0.000	4.072	0.000	0.000	0.000	0.000	0.000	0.000	0.000	0.000	0.000	0.000	0.000	2	0.00	0.06	0
163	0.295	0.000	0.000	0.000	0.000	0.000	0.000	0.000	0.000	1.329	0.148	0.000	0.000	0.000	0.000	0.000	0.000	0.000	0.000	0.590	2	0.00	0.94	0
164	0.207	0.000	0.000	0.277	0.000	0.000	0.069	0.000	0.138	0.000	0.000	0.000	0.069	0.069	0.207	0.000	0.069	0.069	0.000	0.000	2	0.00	1.00	0
165	0.258	0.000	0.086	0.603	0.000	0.000	0.000	0.000	0.000	0.000	0.000	0.086	0.000	0.086	0.172	0.086	0.000	0.086	0.000	0.000	2	0.00	1.00	0
166	0.000	0.000	0.000	0.000	0.000	0.000	0.000	0.158	0.000	2.208	0.158	0.000	0.000	0.000	0.000	0.000	0.000	0.000	0.000	0.158	2	0.00	1.00	0
167	0.425	0.000	0.000	0.319	0.000	0.000	0.000	0.000	0.000	0.106	0.000	0.000	0.000	0.000	0.106	0.106	0.000	0.106	0.000	0.638	2	0.00	1.00	0
168	0.295	0.000	0.059	0.177	0.000	0.059	0.059	0.000	0.118	0.059	0.000	0.059	0.000	0.059	0.000	0.059	0.000	0.000	0.000	0.000	2	0.00	1.00	0
169	0.440	0.000	0.000	0.220	0.000	0.000	0.000	0.000	0.000	0.220	0.000	0.000	0.000	0.000	0.000	0.000	0.220	0.110	0.000	0.660	2	0.00	1.00	0
170	2.238	0.000	0.000	0.000	0.000	0.000	0.000	0.000	0.000	0.000	0.000	0.000	0.000	0.000	0.000	0.689	0.000	0.000	0.000	0.000	2	0.00	1.00	0
171	0.059	0.000	0.000	0.059	0.059	0.059	0.176	0.059	0.117	0.117	0.000	0.000	0.000	0.059	0.176	0.000	0.059	0.000	0.000	0.000	2	0.00	1.00	0
172	0.104	0.000	0.207	0.207	0.000	0.104	0.000	0.000	0.104	0.000	0.000	0.000	0.000	0.000	0.104	0.932	0.000	0.000	0.000	0.000	2	0.00	1.00	0
173	0.000	0.000	0.000	0.000	0.115	0.000	0.000	0.000	0.115	1.035	0.000	0.000	0.000	0.000	0.115	0.000	0.000	0.115	0.230	0.230	2	0.00	1.00	0
174	0.000	0.000	0.313	0.157	0.000	1.878	0.000	0.000	0.000	0.000	0.000	0.313	0.000	0.000	0.000	0.000	0.000	0.000	0.000	0.000	2	0.00	1.00	0
175	0.000	0.000	0.000	0.000	0.211	0.000	0.000	0.000	0.000	1.056	2.324	0.000	0.000	0.000	0.000	0.000	0.000	0.000	0.000	0.000	2	0.00	1.00	0
176	0.000	0.000	0.762	0.762	0.000	0.381	0.127	0.000	0.000	0.000	0.000	0.000	0.000	0.127	0.000	0.000	0.000	0.000	0.000	0.000	2	0.00	1.00	0
177	0.143	0.000	0.000	0.000	0.000	0.000	0.000	0.285	0.000	0.000	0.000	0.000	0.856	0.000	0.000	0.000	0.000	1.141	0.000	0.000	2	0.00	1.00	0
178	0.000	0.000	0.000	0.000	0.000	0.000	0.000	0.182	0.000	2.912	0.000	0.000	0.000	0.000	0.000	0.000	0.000	0.000	0.000	0.000	2	0.00	1.00	0
179	0.000	0.000	0.000	0.000	0.000	0.000	0.000	0.321	0.000	0.000	0.000	0.000	0.000	0.000	0.000	0.000	0.642	1.766	0.000	0.000	2	0.00	1.00	0
180	0.000	0.000	0.000	3.903	0.000	0.000	0.000	0.000	0.000	0.000	0.000	0.000	0.000	0.000	0.000	0.000	0.000	0.000	0.000	0.000	2	0.00	1.00	0
181	0.164	0.000	0.000	0.000	0.000	0.000	0.000	0.164	0.000	0.000	0.000	0.000	0.000	0.000	0.000	0.000	0.328	2.132	0.000	0.000	2	0.00	1.00	0
182	0.000	0.000	0.000	0.000	0.000	0.000	1.086	0.155	0.000	0.000	0.000	0.620	0.000	0.155	0.000	0.465	0.000	0.000	0.000	0.155	2	0.00	1.00	0
183	0.000	0.000	0.922	0.000	0.000	0.000	0.000	0.000	0.000	0.000	0.000	1.076	0.000	0.000	0.000	0.154	0.461	0.000	0.000	0.000	2	0.00	1.00	0
184	0.249	0.000	0.000	0.499	0.000	0.166	0.000	0.000	0.166	0.000	0.000	0.000	0.083	0.000	0.166	0.000	0.083	0.000	0.000	0.000	2	0.00	1.00	0
185	0.325	0.000	0.000	0.976	0.000	0.000	0.000	0.000	0.108	0.000	0.000	0.108	0.000	0.108	0.000	0.108	0.108	0.000	0.000	0.000	2	0.00	1.00	0
186	0.000	0.000	0.194	2.912	0.000	0.000	0.000	0.000	0.000	0.000	0.000	0.000	0.000	0.000	0.000	0.000	0.194	0.000	0.000	0.000	2	0.00	1.00	0
187	0.000	0.000	0.000	0.000	0.130	0.000	0.000	0.000	0.000	1.298	0.390	0.000	0.000	0.130	0.000	0.000	0.000	0.260	0.000	0.000	2	0.00	1.00	0
188	0.200	0.000	0.299	0.699	0.000	0.000	0.100	0.000	0.100	0.000	0.000	0.000	0.000	0.100	0.000	0.000	0.200	0.000	0.000	0.000	2	0.00	1.00	0
189	0.148	0.000	0.000	0.000	0.000	0.000	0.000	0.591	0.000	0.000	0.000	0.000	0.000	0.148	1.477	0.000	0.148	0.000	0.000	0.000	2	0.00	1.00	0
190	3.169	0.000	0.000	0.000	0.000	0.000	0.000	0.198	0.000	0.000	0.000	0.000	0.000	0.000	0.000	0.000	0.000	0.000	0.000	0.000	2	0.00	1.00	0
191	0.000	0.000	0.000	0.000	0.000	0.000	0.131	0.394	0.000	1.444	0.000	0.000	0.000	0.000	0.000	0.000	0.000	0.262	0.000	0.000	2	0.00	1.00	0
192	0.000	0.000	0.000	0.000	0.000	0.000	0.000	0.000	4.072	0.000	0.000	0.000	0.000	0.000	0.000	0.000	0.000	0.000	0.000	0.000	2	0.00	0.24	0
193	0.265	0.000	0.066	0.066	0.000	0.000	0.000	0.000	0.199	0.066	0.000	0.000	0.000	0.199	0.066	0.000	0.066	0.066	0.066	0.000	2	0.00	1.00	0
194	0.117	0.000	0.000	0.000	0.117	0.000	0.000	0.235	0.000	1.291	0.000	0.000	0.000	0.000	0.000	0.235	0.000	0.000	0.000	0.000	2	0.00	1.00	0
195	0.000	0.000	0.146	0.146	0.000	1.751	0.000	0.000	0.292	0.000	0.000	0.000	0.000	0.000	0.000	0.000	0.146	0.000	0.000	0.000	2	0.00	1.00	0
196	1.450	0.000	0.000	0.000	0.000	0.000	0.000	0.000	0.000	0.000	0.000	0.000	0.132	0.132	0.000	0.264	0.264	0.000	0.000	0.000	2	0.00	1.00	0
197	0.000	0.124	0.248	0.124	0.000	0.000	0.000	0.000	0.990	0.000	0.000	0.000	0.371	0.000	0.248	0.000	0.000	0.000	0.000	0.000	2	0.00	1.00	0
198	0.000	0.000	0.000	0.000	0.123	0.000	0.000	0.738	0.000	0.492	0.000	0.000	0.000	0.000	0.000	0.000	0.000	0.738	0.000	0.000	2	0.00	1.00	0
199	0.000	0.000	0.000	0.000	0.128	0.000	0.000	1.021	0.000	0.511	0.000	0.000	0.000	0.000	0.000	0.000	0.000	0.511	0.000	0.000	2	0.00	1.00	0
200	0.000	0.000	0.000	0.000	0.000	3.847	0.000	0.000	0.000	0.000	0.000	0.000	0.000	0.000	0.000	0.000	0.000	0.000	0.000	0.000	2	0.00	1.00	0
201	0.000	0.000	0.000	0.000	0.000	0.000	0.000	1.067	0.000	0.000	0.000	0.000	0.000	0.000	0.000	0.000	0.000	1.956	0.000	0.000	2	0.00	1.00	0
202	0.000	0.000	0.000	0.000	0.000	0.000	0.000	0.000	0.000	0.000	0.000	4.593	0.000	0.000	0.000	0.000	0.000	0.000	0.000	0.000	2	0.00	1.00	0
203	0.000	0.000	0.000	0.000	0.000	0.000	0.233	0.000	0.000	0.000	0.000	3.495	0.000	0.000	0.000	0.233	0.000	0.000	0.000	0.000	2	0.00	1.00	0
204	0.000	0.000	0.000	0.000	0.000	0.000	0.000	0.000	0.000	0.000	0.000	0.000	0.000	0.000	4.208	0.000	0.000	0.000	0.000	0.000	2	0.00	1.00	0
205	0.000	0.000	1.062	0.000	0.000	0.000	0.000	0.000	0.000	0.000	0.000	2.548	0.000	0.000	0.000	0.000	0.000	0.000	0.000	0.000	2	0.00	1.00	0
206	0.000	0.000	0.000	0.000	0.000	0.000	0.000	0.000	0.000	3.375	0.000	0.000	0.000	0.000	0.000	0.000	0.000	0.000	0.000	0.000	2	0.00	1.00	0
207	0.000	0.000	0.000	0.260	0.000	0.130	0.650	0.000	0.780	0.000	0.000	0.000	0.000	0.000	0.260	0.000	0.130	0.000	0.000	0.000	2	0.00	1.00	0
208	0.000	0.000	0.850	0.000	0.000	0.000	0.000	0.000	0.142	0.000	0.000	0.000	0.000	0.000	0.000	0.425	0.991	0.000	0.000	0.000	2	0.00	1.00	0
209	0.000	0.000	0.000	0.000	1.853	0.000	0.000	0.000	0.000	1.297	0.000	0.000	0.000	0.000	0.000	0.000	0.000	0.000	0.000	0.000	2	0.00	1.00	0
210	0.101	0.000	0.101	0.808	0.000	0.000	0.000	0.000	0.000	0.000	0.000	0.202	0.000	0.000	0.101	0.202	0.202	0.000	0.000	0.000	2	0.00	1.00	0
211	0.000	0.000	0.000	0.000	0.000	0.000	0.000	0.495	0.000	0.000	0.000	0.000	0.000	0.000	0.000	0.000	0.330	1.979	0.000	0.000	2	0.00	1.00	0
212	0.000	0.000	1.945	0.000	0.000	0.000	0.000	0.162	0.000	0.000	0.000	0.162	0.000	0.000	0.000	0.324	0.162	0.000	0.000	0.000	2	0.00	1.00	0
213	0.000	0.000	0.000	0.000	0.125	0.000	0.000	0.125	0.125	1.500	0.125	0.000	0.000	0.000	0.000	0.000	0.000	0.125	0.000	0.000	2	0.00	1.00	0
214	0.102	0.000	0.205	0.205	0.000	0.410	0.000	0.000	0.102	0.000	0.000	0.615	0.000	0.102	0.000	0.000	0.000	0.000	0.000	0.000	2	0.00	1.00	0
215	0.000	0.000	0.000	0.000	0.000	0.000	0.000	0.000	0.000	0.000	0.000	0.416	0.000	0.139	0.555	0.000	1.110	0.139	0.000	0.000	2	0.00	1.00	0
216	0.000	0.000	0.000	0.000	0.147	0.000	0.000	0.000	0.000	0.000	0.000	0.000	0.000	0.147	0.000	0.588	1.471	0.147	0.000	0.000	2	0.00	1.00	0
217	0.000	0.000	0.000	0.190	0.000	0.063	0.000	0.000	0.063	0.190	0.000	0.000	0.000	0.000	0.254	0.127	0.063	0.127	0.000	0.000	2	0.00	1.00	0
218	0.093	0.000	0.186	0.373	0.000	0.000	0.000	0.000	0.186	0.000	0.000	0.093	0.000	0.186	0.466	0.000	0.000	0.000	0.000	0.000	2	0.00	1.00	0
219	0.000	0.000	0.000	0.000	0.000	0.000	0.000	0.182	0.000	2.912	0.000	0.000	0.000	0.000	0.000	0.000	0.000	0.000	0.000	0.000	2	0.00	1.00	0
220	0.517	0.000	0.000	0.000	0.000	0.000	0.000	0.074	0.074	0.074	0.074	0.000	0.000	0.000	0.148	0.074	0.148	0.074	0.000	0.000	2	0.00	1.00	0
221	0.200	0.000	0.100	0.200	0.000	0.000	0.000	0.000	0.301	0.000	0.000	0.000	0.601	0.000	0.000	0.301	0.000	0.000	0.000	0.000	2	0.00	1.00	0
222	0.000	0.000	0.000	0.084	0.000	0.000	0.084	0.000	0.169	0.253	0.338	0.000	0.000	0.084	0.000	0.084	0.084	0.084	0.000	0.084	2	0.00	0.94	0
223	0.113	0.000	0.000	0.000	0.113	0.000	0.000	0.566	0.000	0.227	0.000	0.000	0.000	0.000	0.000	0.000	0.000	0.680	0.000	0.113	2	0.00	0.94	0
224	0.131	0.000	0.131	0.000	0.000	0.131	0.000	0.000	0.131	0.131	0.000	0.000	1.177	0.000	0.262	0.000	0.000	0.000	0.000	0.000	2	0.00	0.94	0
225	0.000	0.000	0.827	0.827	0.000	0.000	0.000	0.000	0.827	0.000	0.000	0.000	0.000	0.000	0.000	0.000	0.000	0.000	0.000	0.000	2	0.00	0.18	0
226	0.000	2.032	0.000	0.000	0.000	0.000	0.000	2.032	0.000	0.000	0.000	0.000	0.000	0.000	0.000	0.000	0.000	0.000	0.000	0.000	2	0.00	0.12	0
227	0.000	0.000	0.000	0.483	0.000	0.000	0.000	0.483	0.000	0.483	0.000	0.000	0.483	0.000	0.000	0.000	0.000	0.000	0.000	0.000	2	0.00	0.24	0
228	0.332	0.000	0.083	0.083	0.000	0.000	0.083	0.000	0.166	0.000	0.000	0.000	0.166	0.000	0.166	0.166	0.000	0.000	0.000	0.000	2	0.00	0.88	0
229	0.110	0.000	0.770	0.330	0.000	0.000	0.000	0.000	0.000	0.000	0.000	0.220	0.110	0.000	0.000	0.330	0.000	0.000	0.000	0.000	2	0.00	1.00	0
230	0.000	0.000	1.110	0.000	0.000	0.555	0.000	0.000	0.000	0.000	0.000	1.110	0.000	0.000	0.000	0.000	0.000	0.000	0.000	0.000	2	0.00	0.29	0
231	0.192	0.000	0.000	0.000	0.000	0.000	0.000	0.096	0.000	0.000	0.000	0.000	0.000	0.000	0.385	0.192	0.192	0.577	0.000	0.000	2	0.00	1.00	0
232	0.000	0.000	0.000	0.065	0.065	0.000	0.000	0.195	0.000	0.324	0.065	0.000	0.065	0.000	0.065	0.000	0.130	0.130	0.000	0.000	2	0.00	1.00	0
233	0.000	0.000	0.000	0.000	0.000	0.000	0.000	0.117	0.117	1.049	0.000	0.000	0.000	0.000	0.000	0.000	0.000	0.583	0.000	0.117	2	0.00	1.00	0
234	0.000	0.508	0.000	0.000	0.000	0.000	0.000	0.847	0.000	0.000	0.000	0.000	0.000	0.000	0.000	0.000	0.000	1.525	0.000	0.000	2	0.00	1.00	0
235	1.081	0.135	0.000	0.000	0.000	0.000	0.000	0.000	0.000	0.000	0.000	0.000	0.000	0.000	0.000	0.810	0.270	0.000	0.000	0.000	2	0.00	1.00	0
236	0.000	0.000	0.000	2.288	0.000	0.000	0.000	0.000	0.000	0.704	0.000	0.000	0.000	0.000	0.000	0.000	0.000	0.000	0.000	0.000	2	0.00	1.00	0
237	0.000	0.000	0.000	0.000	0.000	0.000	0.000	0.000	0.000	0.000	0.000	0.000	0.000	0.000	0.000	3.871	0.000	0.000	0.000	0.000	2	0.00	1.00	0
238	0.000	0.000	0.000	0.000	0.000	3.847	0.000	0.000	0.000	0.000	0.000	0.000	0.000	0.000	0.000	0.000	0.000	0.000	0.000	0.000	2	0.00	1.00	0
239	0.000	0.000	0.000	0.000	0.000	0.000	0.000	2.623	0.000	0.187	0.000	0.000	0.000	0.000	0.000	0.000	0.000	0.375	0.000	0.000	2	0.00	1.00	0
240	0.058	0.000	0.000	0.000	0.116	0.058	0.000	0.000	0.116	0.058	0.000	0.116	0.000	0.058	0.058	0.116	0.058	0.000	0.000	0.174	2	0.00	1.00	0
241	0.000	0.000	0.235	0.117	0.000	0.117	0.000	0.000	0.000	0.000	0.000	0.235	0.000	0.000	0.000	0.352	0.939	0.000	0.000	0.000	2	0.00	1.00	0
242	0.080	0.000	0.000	0.000	0.000	0.000	0.241	0.000	0.000	0.080	0.000	0.000	0.321	0.080	0.241	0.080	0.080	0.080	0.000	0.080	2	0.00	1.00	0
243	0.373	0.000	0.187	0.280	0.000	0.000	0.000	0.000	0.280	0.000	0.000	0.187	0.000	0.280	0.000	0.000	0.000	0.000	0.000	0.000	2	0.00	1.00	0
244	0.000	0.000	1.528	0.306	0.000	0.000	0.153	0.000	0.000	0.000	0.000	0.000	0.000	0.458	0.000	0.000	0.153	0.000	0.000	0.000	2	0.00	1.00	0
245	0.354	0.000	0.000	0.000	0.000	0.000	0.000	0.236	0.000	0.236	0.118	0.000	0.000	0.000	0.000	0.000	0.000	1.063	0.000	0.000	2	0.00	1.00	0
246	0.078	0.000	0.000	0.388	0.000	0.000	0.078	0.000	0.078	0.078	0.000	0.000	0.000	0.155	0.310	0.078	0.078	0.000	0.000	0.000	2	0.00	1.00	0
247	0.122	0.000	0.122	0.122	0.061	0.000	0.000	0.000	0.183	0.122	0.061	0.000	0.000	0.122	0.122	0.000	0.000	0.000	0.000	0.000	2	0.00	1.00	0
248	0.000	0.140	0.000	0.000	0.000	0.000	0.000	0.000	0.000	0.842	0.702	0.000	0.000	0.000	0.000	0.000	0.000	0.281	0.000	0.421	2	0.00	1.00	0
249	0.247	0.000	0.000	0.062	0.000	0.062	0.000	0.000	0.185	0.000	0.000	0.062	0.000	0.124	0.124	0.124	0.000	0.062	0.000	0.000	2	0.00	1.00	0
250	0.242	0.000	0.081	0.403	0.000	0.081	0.081	0.000	0.322	0.000	0.000	0.000	0.000	0.000	0.081	0.000	0.000	0.081	0.000	0.000	2	0.00	1.00	0
251	0.119	0.000	0.060	0.119	0.060	0.000	0.179	0.000	0.000	0.060	0.000	0.000	0.000	0.060	0.000	0.060	0.060	0.179	0.000	0.060	2	0.00	1.00	0
252	0.000	0.000	0.223	0.223	0.000	2.008	0.000	0.000	0.000	0.000	0.000	0.000	0.000	0.000	0.000	0.223	0.000	0.000	0.000	0.000	2	0.00	0.71	0
253	0.822	0.000	0.000	0.000	0.235	0.000	0.000	0.117	0.000	0.000	0.000	0.000	0.000	0.000	0.000	0.117	0.000	0.705	0.000	0.000	2	0.00	1.00	0
254	0.000	0.000	0.245	0.000	0.000	0.123	0.368	0.000	0.123	0.000	0.000	0.736	0.000	0.000	0.368	0.000	0.000	0.000	0.000	0.123	2	0.00	1.00	0
255	1.012	0.126	0.000	0.000	0.000	0.759	0.000	0.000	0.000	0.000	0.000	0.000	0.000	0.000	0.126	0.126	0.000	0.000	0.000	0.000	2	0.00	1.00	0
256	0.000	0.000	0.000	0.000	1.653	0.000	0.000	0.661	0.000	0.165	0.000	0.000	0.000	0.000	0.000	0.000	0.000	0.331	0.000	0.000	2	0.00	1.00	0
257	0.000	0.000	0.000	0.000	0.000	0.000	0.000	0.000	0.000	3.375	0.000	0.000	0.000	0.000	0.000	0.000	0.000	0.000	0.000	0.000	2	0.00	1.00	0
258	0.000	0.000	0.000	0.000	0.000	0.000	0.000	1.233	0.000	0.000	0.000	0.000	0.000	0.000	0.000	0.000	0.000	1.761	0.000	0.000	2	0.00	1.00	0
259	0.000	0.000	0.000	0.000	0.000	3.847	0.000	0.000	0.000	0.000	0.000	0.000	0.000	0.000	0.000	0.000	0.000	0.000	0.000	0.000	2	0.00	1.00	0
260	0.000	0.000	0.000	1.528	0.000	0.000	0.000	0.000	0.000	0.000	0.000	0.000	0.000	0.000	0.000	0.764	0.306	0.000	0.000	0.000	2	0.00	1.00	0
261	0.961	0.000	0.000	0.000	0.000	0.000	0.000	0.000	0.000	0.000	0.000	0.000	0.000	0.137	0.000	1.098	0.137	0.000	0.000	0.000	2	0.00	1.00	0
262	0.000	0.000	0.000	0.000	0.304	0.000	0.000	0.304	0.000	1.978	0.000	0.000	0.000	0.000	0.000	0.000	0.000	0.000	0.000	0.000	2	0.00	1.00	0
263	0.000	0.000	0.000	0.000	0.000	0.000	0.000	0.000	0.000	0.000	4.708	0.000	0.000	0.000	0.000	0.000	0.294	0.000	0.000	0.000	2	0.00	1.00	0
264	0.228	0.000	0.114	0.000	0.000	0.114	0.000	0.000	0.228	0.000	0.000	0.000	0.000	0.114	1.028	0.114	0.000	0.000	0.000	0.000	2	0.00	1.00	0
265	0.399	0.000	0.000	0.100	0.000	0.100	0.100	0.000	0.000	0.000	0.000	0.200	0.000	0.499	0.000	0.299	0.000	0.000	0.000	0.000	2	0.00	1.00	0
266	0.161	0.000	0.242	0.242	0.000	0.000	0.000	0.000	0.000	0.000	0.000	0.081	0.242	0.081	0.000	0.081	0.161	0.000	0.000	0.000	2	0.00	0.94	0
267	0.000	0.000	1.424	0.142	0.000	0.000	0.000	0.000	0.000	0.000	0.000	0.427	0.000	0.142	0.142	0.142	0.000	0.000	0.000	0.000	2	0.00	1.00	0
268	0.086	0.000	0.000	0.000	0.000	0.000	0.000	0.000	0.086	0.346	0.000	0.000	0.173	0.086	0.000	0.000	0.173	0.432	0.000	0.000	2	0.00	0.94	0
269	0.147	0.000	0.147	0.147	0.000	0.073	0.073	0.000	0.073	0.000	0.000	0.073	0.000	0.000	0.294	0.000	0.147	0.000	0.000	0.000	2	0.00	0.94	0
270	0.567	0.000	0.000	0.000	0.000	0.000	0.000	0.000	0.340	0.340	0.000	0.113	0.000	0.453	0.000	0.000	0.000	0.000	0.000	0.000	2	0.00	0.94	0
271	0.838	0.000	0.000	0.105	0.419	0.000	0.000	0.000	0.105	0.105	0.000	0.105	0.000	0.000	0.000	0.105	0.000	0.000	0.000	0.000	2	0.00	1.00	0
272	0.103	0.000	0.000	0.000	0.103	0.000	0.000	0.718	0.000	0.205	0.000	0.000	0.000	0.000	0.000	0.000	0.308	0.308	0.000	0.000	2	0.00	1.00	0
273	0.246	0.000	0.000	0.123	0.000	0.000	0.246	0.000	0.368	0.000	0.000	0.000	0.000	0.000	0.982	0.000	0.123	0.000	0.000	0.000	2	0.00	1.00	0
274	0.326	0.000	0.082	0.489	0.000	0.000	0.000	0.000	0.082	0.000	0.000	0.000	0.000	0.082	0.163	0.082	0.082	0.000	0.000	0.000	2	0.00	1.00	0
275	0.000	0.000	0.000	0.000	0.175	0.000	0.000	0.000	0.000	2.099	0.000	0.000	0.000	0.000	0.000	0.000	0.000	0.350	0.000	0.000	0	0.00	0.88	0
